0.149964 0.204702 -0.611028 
0.203180 0.206676 -0.596593 
0.283378 0.210140 -0.564859 
0.358492 0.214003 -0.522504 
0.427122 0.218193 -0.470318 
0.487989 0.222631 -0.409274 
0.539959 0.227236 -0.340508 
0.582065 0.231921 -0.265301 
0.613523 0.236600 -0.185055 
0.633745 0.241184 -0.101264 
0.642356 0.245589 -0.015489 
0.639195 0.249732 0.070672 
0.624321 0.253537 0.155614 
0.598011 0.256932 0.237756 
0.560755 0.259855 0.315565 
0.513247 0.262250 0.387594 
0.456372 0.264074 0.452501 
0.391190 0.265291 0.509075 
0.318914 0.265880 0.556265 
0.240892 0.265830 0.593189 
0.158576 0.265141 0.619161 
0.073500 0.263827 0.633698 
-0.012751 0.261911 0.636527 
-0.098570 0.259430 0.627596 
-0.182360 0.256429 0.607072 
-0.262559 0.252965 0.575337 
-0.337672 0.249102 0.532982 
-0.406302 0.244913 0.480797 
-0.467169 0.240474 0.419752 
-0.519140 0.235869 0.350986 
-0.561246 0.231184 0.275780 
-0.592703 0.226506 0.195534 
-0.612925 0.221921 0.111743 
-0.621536 0.217517 0.025968 
-0.618375 0.213373 -0.060194 
-0.603501 0.209568 -0.145136 
-0.577191 0.206173 -0.227277 
-0.539935 0.203251 -0.305087 
-0.492427 0.200855 -0.377116 
-0.435552 0.199032 -0.442022 
-0.370370 0.197814 -0.498597 
-0.298094 0.197225 -0.545786 
-0.220072 0.197275 -0.582711 
-0.137756 0.197964 -0.608683 
-0.052681 0.199279 -0.623219 
0.033571 0.201195 -0.626048 
0.119390 0.203676 -0.617117 
0.203180 0.206676 -0.596593 
